000000000880000009900000022000000bb000000cc000000ee0000089ab00006600000066660000222200000000000000000000000000000000000000000000
000000008ee800009799000022720000bbbb0000cccc0000ee7e0000d14c00006660000066660000222200000000000000000000000000000000000000000000
007007008ee80000a799000022220000377b0000cc710000ee7e0000c41d00006660000006600000222200000000000000000000000000000000000000000000
00077000088000000a90000002200000033000000cc000000ee00000ba9800006600000000000000222200000000000000000000000000000000000000000000
00077000000000000000000000000000000000000000000000000000000000000000000000000000000022220000000000000000000000000000000000000000
00700700000000000000000000000000000000000000000000000000000000000000000000000000000022220000000000000000000000000000000000000000
00000000000000000000000000000000000000000000000000000000000000000000000000000000000022220000000000000000000000000000000000000000
00000000000000000000000000000000000000000000000000000000000000000000000000000000000022220000000000000000000000000000000000000000
00015000500050005000100000000000000000000000000050001000000150005555555500000000000000000000000000000000000000000000000000000000
00010000000000000000100000000000000000000000000000001000000100005555555500000000000000000000000000000000000000000000000000000000
00010000000000000000100000000000000000000000000000001000000100005555555500000000000000000000000000000000000000000000000000000000
00010000000000000000100000000000000000000000000000001000000100005555555500000000000000000000000000000000000000000000000000000000
00011111111111111111100000000000000000000000000050001000000150005555555500000000000000000000000000000000000000000000000000000000
00000000000000000000000000000000000000000000000000001000000100005555555500000000000000000000000000000000000000000000000000000000
00000000000000000000000000000000000000000000000000001000000100005555555500000000000000000000000000000000000000000000000000000000
00000000000000000000000000011111111111111111100000001000000100005555555500000000000000000000000000000000000000000000000000000000
50005000808050000000000000000000000000000000000000000000000000000000000000000000000000000000000000000000000000000000000000000000
00000000080000000000000000000000000000000000000000000000000000000000000000000000000000000000000000000000000000000000000000000000
00000000808000000000000000000000000000000000000000000000000000000000000000000000000000000000000000000000000000000000000000000000
00000000000000000000000000000000000000000000000000000000000000000000000000000000000000000000000000000000000000000000000000000000
50005000500050000000000000000000000000000000000000000000000000000000000000000000000000000000000000000000000000000000000000000000
00000000000000000000000000000000000000000000000000000000000000000000000000000000000000000000000000000000000000000000000000000000
00000000000000000000000000000000000000000000000000000000000000000000000000000000000000000000000000000000000000000000000000000000
00000000000000000000000000000000000000000000000000000000000000000000000000000000000000000000000000000000000000000000000000000000
80000000000000000000000000000000000000000000000000000000000000000000000000000000000000000000000000000000000000000000000000000000
09000000000000000000000000000000000000000000000000000000000000000000000000000000000000000000000000000000000000000000000000000000
00a00000000000000000000000000000000000000000000000000000000000000000000000000000000000000000000000000000000000000000000000000000
000b0000000000000000000000000000000000000000000000000000000000000000000000000000000000000000000000000000000000000000000000000000
0000c000000000000000000000000000000000000000000000000000000000000000000000000000000000000000000000000000000000000000000000000000
00000d00000000000000000000000000000000000000000000000000000000000000000000000000000000000000000000000000000000000000000000000000
000000e0000000000000000000000000000000000000000000000000000000000000000000000000000000000000000000000000000000000000000000000000
0000000f000000000000000000000000000000000000000000000000000000000000000000000000000000000000000000000000000000000000000000000000
