00000000000000000000000000000000000000000000000000000000000000000000000000000000000000000000000000000000000000000000000000000000
00000000000000000000000000000000000000000000000000000000000000000000000000000000000000000000000000000000000000000000000000000000
00000000000000000000000000000000000000000000000000000000000000000000000000000000000000000000000000000000000000000000000000000000
00000000000000000000000000000000000000000000000000000000000000000000000000000000000000000000000000000000000000000000000000000000
00000000000000000000000000000000000000000000000000000000000000000000000000000000000000000000000000000000000000000000000000000000
00000000000000000000000000000000000000000000000000000000000000000000000000000000000000000000000000000000000000000000000000000000
00000000000000000000000000000000000000000000000000000000000000000000000000000000000000000000000000000000000000000000000000000000
00000000000000000000000000000000000000000000000000000000000000000000000000000000000000000000000000000000000000000000000000000000
00000000000000000000000099000000007777770077770000007777007700770077777700777700007777770077777700777700000000000000000000000000
00000000000000000000000099000000007777770077770000007777007700770077777700777700007777770077777700777700000000000000000000000000
00000000000000000000009999990000007700000077007700770000007700770077007700770077000077000077000000770077000000000000000000000000
00000000000000000000009999990000007700000077007700770000007700770077007700770077000077000077000000770077000000000000000000000000
00000000000000000000999999999900007777000077007700770000007777770077777700770077000077000077770000770077000000000000000000000000
00000000000000000000999999999900007777000077007700770000007777770077777700770077000077000077770000770077000000000000000000000000
00000000000000000000009999990000007700000077007700770000007700770077007700770077000077000077000000770077000000000000000000000000
00000000000000000000009999990000007700000077007700770000007700770077007700770077000077000077000000770077000000000000000000000000
00000000000000000000000099000000007777770077007700007777007700770077007700770077000077000077777700777777000000000000000000000000
00000000000000000000000099000000007777770077007700007777007700770077007700770077000077000077777700777777000000000000000000000000
00000000000000000000000000000000000000000000000000000000000000000000000000000000000000000000000000000000000000000000000000000000
00000000000000000000000000000000000000000000000000000000000000000000000000000000000000000000000000000000000000000000000000000000
00000000000000000000007777007777770077777700007777007777770000777700777700007777770000777700000000dd0000000000000000000000000000
00000000000000000000007777007777770077777700007777007777770000777700777700007777770000777700000000dd0000000000000000000000000000
000000000000000000007700000077000000777777007700000000770000770077007700770077000000770000000000dddddd00000000000000000000000000
000000000000000000007700000077000000777777007700000000770000770077007700770077000000770000000000dddddd00000000000000000000000000
0000000000000000000077000000777700007700770077777700007700007700770077007700777700007777770000dddddddddd000000000000000000000000
0000000000000000000077000000777700007700770077777700007700007700770077007700777700007777770000dddddddddd000000000000000000000000
000000000000000000007700770077000000770077000000770000770000770077007700770077000000000077000000dddddd00000000000000000000000000
000000000000000000007700770077000000770077000000770000770000770077007700770077000000000077000000dddddd00000000000000000000000000
00000000000000000000777777007777770077007700777700000077000077770000770077007777770077770000000000dd0000000000000000000000000000
00000000000000000000777777007777770077007700777700000077000077770000770077007777770077770000000000dd0000000000000000000000000000
00000000000000000000000000000000000000000000000000000000000000000000000000000000000000000000000000000000000000000000000000000000
00000000000000000000000000000000000000000000000000000000000000000000000000000000000000000000000000000000000000000000000000000000
00000000000000000000000000000000000000000000000000000000000000000000000000000000000000000000000000000000000000000000000000000000
00000000000000000000000000000000000000000000000000000000000000000000000000000000000000000000000000000000000000000000000000000000
00000000000000000000000000000000000000000000000000000000000000000000000000000000000000000000000000000000000000000000000000000000
00000000000000000000000000000000000000000000000000000000000000000000000000000000000000000000000000000000000000000000000000000000
00000000000000000000000000000000000000000000000000000000000000000000000000000000000000000000000000000000000000000000000000000000
00000000000000000000000000000000000000000000000000000000000000000000000000000000000000000000000000000000000000000000000000000000
00000000000000000000000000000000000000000000000000000000000000000000000000000000000000000000000000000000000000000000000000000000
00000000000000000000000000000000000000000000000000000000000000000000000000000000000000000000000000000000000000000000000000000000
00000000000000000000000000000000000000000000000000000000000000000000000000000000000000000000000000000000000000000000000000000000
00000000000000000000000000000000000000000000000000000000000000000000000000000000000000000000000000000000000000000000000000000000
00000000000000000000000000000000000000000000000000000000000000000000000000000000000000000000000000000000000000000000000000000000
00000000000000000000000000000000000000000000000000000000000000000000000000000000000000000000000000000000000000000000000000000000
00666600000077000000777777007700770077777700770000000000000000000000000000000000000000000000000000004444440044440000000000000000
00666600000077000000777777007700770077777700770000000000000000000000000000000000000000000000000000004444440044440000000000000000
00666666000077000000770000007700770077000000770000000000000000000000000000000000000000000000000000004400440000440000000000000000
00666666000077000000770000007700770077000000770000000000000000000000000000000000000000000000000000004400440000440000000000000000
00666666000077000000777700007700770077770000770000000000000000000000000000000000000000000000000000004400440000440000000000000000
00666666000077000000777700007700770077770000770000000000000000000000000000000000000000000000000000004400440000440000000000000000
00666600000077000000770000007777770077000000770000000000000000000000000000000000000000000000000000004400440000440000000000000000
00666600000077000000770000007777770077000000770000000000000000000000000000000000000000000000000000004400440000440000000000000000
00000000000077777700777777000077000077777700777777000000000000000000000000000000000000000000000000004444440044444400000000000000
00000000000077777700777777000077000077777700777777000000000000000000000000000000000000000000000000004444440044444400000000000000
00000000000000000000000000000000000000000000000000000000000000000000000000000000000000000000000000000000000000000000000000000000
00000000000000000000000000000000000000000000000000000000000000000000000000000000000000000000000000000000000000000000000000000000
00000000000077777700007777007777000077777700000000004444440044444400444444004444440044444400440044000044440044440000000000000000
00000000000077777700007777007777000077777700000000004444440044444400444444004444440044444400440044000044440044440000000000000000
00000000000077777700770077007700770077000000000000004444440044004400440044004400440000440000440044004400440044004400000000000000
00000000000077777700770077007700770077000000000000004444440044004400440044004400440000440000440044004400440044004400000000000000
00000000000077007700770077007700770077770000000000004400440044444400444400004444440000440000444444004400440044004400000000000000
00000000000077007700770077007700770077770000000000004400440044444400444400004444440000440000444444004400440044004400000000000000
00000000000077007700770077007700770077000000000000004400440044004400440044004400440000440000440044004400440044004400000000000000
00000000000077007700770077007700770077000000000000004400440044004400440044004400440000440000440044004400440044004400000000000000
00000000000077007700777700007777770077777700000000004400440044004400440044004400440000440000440044004444000044004400000000000000
00000000000077007700777700007777770077777700000000004400440044004400440044004400440000440000440044004444000044004400000000000000
00000000000000000000000000000000000000000000000000000000000000000000000000000000000000000000000000000000000000000000000000000000
00000000000000000000000000000000000000000000000000000000000000000000000000000000000000000000000000000000000000000000000000000000
00000000000077007700777777000077770077007700000000000077770000777700007777007777770077777700007777000000000000000000000000000000
00000000000077007700777777000077770077007700000000000077770000777700007777007777770077777700007777000000000000000000000000000000
00000000000077007700007700007700000077007700000000007700000077000000770077007700770077000000770000000000000000000000000000000000
00000000000077007700007700007700000077007700000000007700000077000000770077007700770077000000770000000000000000000000000000000000
00000000000077777700007700007700000077777700000000007777770077000000770077007777000077770000777777000000000000000000000000000000
00000000000077777700007700007700000077777700000000007777770077000000770077007777000077770000777777000000000000000000000000000000
00000000000077007700007700007700770077007700000000000000770077000000770077007700770077000000000077000000000000000000000000000000
00000000000077007700007700007700770077007700000000000000770077000000770077007700770077000000000077000000000000000000000000000000
00000000000077007700777777007777770077007700000000007777000000777700777700007700770077777700777700000000000000000000000000000000
00000000000077007700777777007777770077007700000000007777000000777700777700007700770077777700777700000000000000000000000000000000
00000000000000000000000000000000000000000000000000000000000000000000000000000000000000000000000000000000000000000000000000000000
00000000000000000000000000000000000000000000000000000000000000000000000000000000000000000000000000000000000000000000000000000000
00000000000000777700777777007777770077777700777777000000000000777700777777007777770077777700000000000000000000000000000000000000
00000000000000777700777777007777770077777700777777000000000000777700777777007777770077777700000000000000000000000000000000000000
00000000000077000000007700007700770077007700007700000000000077000000770077007777770077000000000000000000000000000000000000000000
00000000000077000000007700007700770077007700007700000000000077000000770077007777770077000000000000000000000000000000000000000000
00000000000077777700007700007777770077770000007700000000000077000000777777007700770077770000000000000000000000000000000000000000
00000000000077777700007700007777770077770000007700000000000077000000777777007700770077770000000000000000000000000000000000000000
00000000000000007700007700007700770077007700007700000000000077007700770077007700770077000000000000000000000000000000000000000000
00000000000000007700007700007700770077007700007700000000000077007700770077007700770077000000000000000000000000000000000000000000
00000000000077770000007700007700770077007700007700000000000077777700770077007700770077777700000000000000000000000000000000000000
00000000000077770000007700007700770077007700007700000000000077777700770077007700770077777700000000000000000000000000000000000000
00000000000000000000000000000000000000000000000000000000000000000000000000000000000000000000000000000000000000000000000000000000
00000000000000000000000000000000000000000000000000000000000000000000000000000000000000000000000000000000000000000000000000000000
00000000000000000000000000000000000000000000000000000000000000000000000000000000000000000000000000000000000000000000000000000000
00000000000000000000000000000000000000000000000000000000000000000000000000000000000000000000000000000000000000000000000000000000
00000000000000000000000000000000000000000000000000000000000000000000000000000000000000000000000000000000000000000000000000000000
00000000000000000000000000000000000000000000000000000000000000000000000000000000000000000000000000000000000000000000000000000000
00000000000000000000000000000000000000000000000000000000000000000000000000000000000000000000000000000000000000000000000000000000
00000000000000000000000000000000000000000000000000000000000000000000000000000000000000000000000000000000000000000000000000000000
00000000000000000000000000000000000000000000000000000000000000000000000000000000000000000000000000000000000000000000000000000000
00000000000000000000000000000000000000000000000000000000000000000000000000000000000000000000000000000000000000000000000000000000
00000000000000000000000000000000000000000000000000000000000000000000000000000000000000000000000000000000000000000000000000000000
00000000000000000000000000000000000000000000000000000000000000000000000000000000000000000000000000000000000000000000000000000000
00000000000000000000000000000000000000000000000000000000000000000000000000000000000000000000000000000000000000000000000000000000
00000000000000000000000000000000000000000000000000000000000000000000000000000000000000000000000000000000000000000000000000000000
00000000000000000000000000000000000000000000000000000000000000000000000000000000000000000000000000000000000000000000000000000000
00000000000000000000000000000000000000000000000000000000000000000000000000000000000000000000000000000000000000000000000000000000
00000000000000000000000000000000000000000000000000000000000000000000000000000000000000000000000000000000000000000000000000000000
00000000000000000000000000000000000000000000000000000000000000000000000000000000000000000000000000000000000000000000000000000000
00000000000000000000000000000000000000000000000000000000000000000000000000000000000000000000000000000000000000000000000000000000
00000000000000000000000000000000000000000000000000000000000000000000000000000000000000000000000000000000000000000000000000000000
00000000000000000000000000000000000000000000000000000000000000000000000000000000000000000000000000000000000000000000000000000000
00000000000000000000000000000000000000000000000000000000000000000000000000000000000000000000000000000000000000000000000000000000
00000000000000000000000000000000000000000000000000000000000000000000000000000000000000000000000000000000000000000000000000000000
00000000000000000000000000000000000000000000000000000000000000000000000000000000000000000000000000000000000000000000000000000000
00000000000000000000000000000000000000000000000000000000000000000000000000000000000000000000000000000000000000000000000000000000
00000000000000000000000000000000000000000000000000000000000000000000000000000000000000000000000000000000000000000000000000000000
00000000000000000000000000000000000000000000000000000000000000000000000000000000000000000000000000000000000000000000000000000000
00000000000000000000000000000000000000000000000000000000000000000000000000000000000000000000000000000000000000000000000000000000
00770000000077770077007700777777007777770077777700777777007777770077777700000000007777770077777700777777007777770000888800888800
00770000000077770077007700777777007777770077777700777777007777770077777700000000007777770077777700777777007777770000888800888800
00770000007700770077007700770077007700000000007700007700007700770077777700000000000000770077007700000077007700770000888888888800
00770000007700770077007700770077007700000000007700007700007700770077777700000000000000770077007700000077007700770000888888888800
00770000007700770077007700777700007777000000770000007700007777770077007700000000007777770077007700777777007700770000888888888800
00770000007700770077007700777700007777000000770000007700007777770077007700000000007777770077007700777777007700770000888888888800
00770000007700770077777700770077007700000077000000007700007700770077007700000000007700000077007700770000007700770000008888880000
00770000007700770077777700770077007700000077000000007700007700770077007700000000007700000077007700770000007700770000008888880000
00777777007777000077777700770077007777770077777700777700007700770077007700000000007777770077777700777777007777770000000088000000
00777777007777000077777700770077007777770077777700777700007700770077007700000000007777770077777700777777007777770000000088000000

